TABLE EMPLOY(Z,F) FACTOR DEMAND

                    L1         L2         L3         L4         L5          land             KAP
const1               8          5         16          5          3     0.108333333     9811.934701
Retail1             82         91         47          3          5     29.84583333     137288.7806
Serv1               97         56        117         29         26          11.375     614175.0129
HC1                 57        131        114         42         36          3.0875     286408.7382
Accom1               8         27          4          0          0     1.895833333     34965.09077
Rest1              165         96         17          0          0     16.35833333     1614829.857
ag2                 10          1         15          1          6     0.173286052     2376.285253
const2              35         18         62         20         10      6.93144208     28434.47868
manuf2             109        118        262         82         31     10.57044917     11742.36211
Retail2            184        200        104          7         13     20.79432624     186015.4062
Serv2              119         69        143         35         32     80.40472813     744011.8112
HC2                 17         38         33         13         11     5.718439716      51611.8076
Accom2              21         70         10          0          0       8.6643026     175769.4333
Rest2               20         12          2          0          0     13.16973995     137549.4305
ag3                 10          2         18          1          7     2.540949316     2663.956096
util                 7          4         30          0          4     1.270474658     1019.812841
const3              32         15         56         18          9     5.444891392     41167.63288
Retail3              1          2          0          0          0     0.362992759     2318.892421
Serv3               55         32         66         16         15     174.0550282     392219.6485
HC3                 13         28         24          9          8     19.78310539     54078.00726
HS1                  0          0          0          0          0             316     165277.6465
HS2                  0          0          0          0          0           214.1     94409.29095
HS3                  0          0          0          0          0           563.6      89563.5072
fed                 35         51        131         25         10               0               0;


TABLE JOBCR(H,L)
                 L1          L2             L3             L4            L5
HH1        1.452380952    0.0000000     0.0000000      0.0000000     0.0000000
HH2        0.482185273    0.710213777   0.0000000      0.0000000     0.0000000
HH3        0.491646778    0.563245823   0.637231504    0.0000000     0.0000000
HH4        0.386554622    0.291316527   0.829131653    0.224089636   0.0000000
HH5        0.345963756    0.314662273   0.726523888    0.3723229     0.3723229;

TABLE HHTABLE(H,*) MISC.  HH DATA     

                   HH0        HW0        HN0
HH1                473         84        389
HH2                850        421        429
HH3               1328        838        489
HH4                466        357        108
HH5                714        607        107;